2013 01 0 00 03
2013 01 0 01 02
2013 01 0 04 05
2013 02 0 01 04
2013 02 0 00 02
2013 02 0 03 05
2013 03 0 02 05
2013 03 0 00 01
2013 03 0 03 04
2013 04 0 01 03
2013 04 0 02 04
2013 04 0 00 05
2013 05 0 02 03
2013 05 0 00 01
2013 05 0 04 05
2013 06 0 00 04
2013 06 0 01 02
2013 06 0 03 05
2013 07 0 01 05
2013 07 0 00 02
2013 07 0 03 04
2013 08 0 00 03
2013 08 0 01 04
2013 08 0 02 05
2013 09 0 01 03
2013 09 0 02 04
2013 09 0 00 05
2013 10 0 02 03
2013 10 0 00 04
2013 10 0 01 05
2013 11 0 00 03
2013 11 0 01 02
2013 11 0 04 05
2013 12 0 01 04
2013 12 0 00 02
2013 12 0 03 05
2013 13 0 02 05
2013 13 0 00 01
2013 13 0 03 04
2013 14 1 02 03
2013 14 1 00 05
2013 14 3 01 04
2013 16 2 00 03
2013 16 1 02 05
2013 16 3 01 04
2014 01 0 00 01
2014 01 0 03 06
2014 01 0 02 04
2014 01 0 05 07
2014 02 0 00 03
2014 02 0 01 06
2014 02 0 02 05
2014 02 0 05 07
2014 03 0 00 06
2014 03 0 01 03
2014 03 0 02 07
2014 03 0 04 05
2014 04 0 02 00
2014 04 0 04 01
2014 04 0 05 03
2014 04 0 07 06
2014 05 0 01 02
2014 05 0 03 04
2014 05 0 06 05
2014 05 0 00 07
2014 06 0 02 03
2014 06 0 04 06
2014 06 0 05 00
2014 06 0 07 01
2014 07 0 06 02
2014 07 0 00 04
2014 07 0 01 05
2014 07 0 03 07
2014 08 0 01 00
2014 08 0 06 03
2014 08 0 04 02
2014 08 0 07 05
2014 09 0 00 03
2014 09 0 06 01
2014 09 0 02 05
2014 09 0 07 04
2014 10 0 06 00
2014 10 0 03 01
2014 10 0 07 02
2014 10 0 05 04
2014 11 0 02 00
2014 11 0 04 01
2014 11 0 05 03
2014 11 0 07 06
2014 12 0 01 02
2014 12 0 03 04
2014 12 0 06 05
2014 12 0 00 07
2014 13 0 02 03
2014 13 0 04 06
2014 13 0 05 00
2014 13 0 07 01
2014 14 1 05 04
2014 14 1 00 01
2014 14 3 03 02
2014 14 3 07 06
2014 16 2 05 00
2014 16 1 01 04
2014 16 3 06 02
2014 12 3 07 03
2015 01 0 07 03
2015 01 0 01 08
2015 01 0 02 06
2015 01 0 00 09
2015 01 0 05 04
2015 02 0 02 01
2015 02 0 03 00
2015 02 0 07 05
2015 02 0 08 09
2015 02 0 06 04
2015 03 0 05 00
2015 03 0 09 01
2015 03 0 04 02
2015 03 0 08 03
2015 03 0 06 07
2015 04 0 04 09
2015 04 0 00 08
2015 04 0 05 06
2015 04 0 01 03
2015 04 0 02 07
2015 05 0 06 08
2015 05 0 03 09
2015 05 0 07 04
2015 05 0 01 00
2015 05 0 02 05
2015 06 0 01 07
2015 06 0 00 02
2015 06 0 09 05
2015 06 0 08 04
2015 06 0 03 06
2015 07 0 07 00
2015 07 0 02 09
2015 07 0 05 08
2015 07 0 04 03
2015 07 0 06 01
2015 08 0 09 07
2015 08 0 08 02
2015 08 0 03 05
2015 08 0 01 04
2015 08 0 00 06
2015 09 0 07 08
2015 09 0 09 03
2015 09 0 06 02
2015 09 0 00 01
2015 09 0 04 05
2015 10 0 02 03
2015 10 0 08 01
2015 10 0 05 07
2015 10 0 09 00
2015 10 0 04 06
2015 11 0 05 01
2015 11 0 00 03
2015 11 0 02 04
2015 11 0 09 08
2015 11 0 07 06
2015 12 0 04 00
2015 12 0 01 09
2015 12 0 06 05
2015 12 0 03 08
2015 12 0 07 02
2015 13 0 06 09
2015 13 0 08 00
2015 13 0 04 07
2015 13 0 06 03
2015 13 0 08 01
2015 14 1 00 07
2015 14 1 02 09
2015 14 3 04 05
2015 14 3 06 03
2015 14 3 08 01
2015 16 2 02 07
2015 16 1 00 09
2015 16 3 06 05
2015 16 3 01 04
2015 16 3 08 03
